1
24
3
ROBOT_ENEMY1
1
30
0
55
200
200
41
19
80
28
0
0
1000
180
3
ROBOT_ENEMY2
1
30
0
55
200
200
41
19
80
28
258
0
965
165
3
ROBOT_ENEMY3
1
30
0
55
200
200
41
19
80
28
500
0
866
150
3
ROBOT_ENEMY4
1
30
0
55
200
200
41
19
80
28
707
0
707
135
3
ROBOT_ENEMY5
1
30
0
55
200
200
41
19
80
28
866
0
500
120
3
ROBOT_ENEMY6
1
30
0
55
200
200
41
19
80
28
965
0
258
105
3
ROBOT_ENEMY7
1
30
0
55
200
200
41
19
80
28
1000
0
0
90
3
ROBOT_ENEMY8
1
30
0
55
200
200
41
19
80
28
965
0
-258
75
3
ROBOT_ENEMY9
1
30
0
55
200
200
41
19
80
28
866
0
-500
60
3
ROBOT_ENEMY10
1
30
0
55
200
200
41
19
80
28
707
0
-707
45
3
ROBOT_ENEMY11
1
30
0
55
200
200
41
19
80
28
500
0
-866
30
3
ROBOT_ENEMY12
1
30
0
55
200
200
41
19
80
28
258
0
-965
15
3
ROBOT_ENEMY13
1
30
0
55
200
200
41
19
80
28
0
0
-1000
0
3
ROBOT_ENEMY14
1
30
0
55
200
200
41
19
80
28
-258
0
-965
345
3
ROBOT_ENEMY15
1
30
0
55
200
200
41
19
80
28
-500
0
-866
330
3
ROBOT_ENEMY16
1
30
0
55
200
200
41
19
80
28
-707
0
-707
315
3
ROBOT_ENEMY17
1
30
0
55
200
200
41
19
80
28
-866
0
-500
300
3
ROBOT_ENEMY18
1
30
0
55
200
200
41
19
80
28
-965
0
-258
285
3
ROBOT_ENEMY19
1
30
0
55
200
200
41
19
80
28
-1000
0
0
270
3
ROBOT_ENEMY20
1
30
0
55
200
200
41
19
80
28
-965
0
258
255
3
ROBOT_ENEMY21
1
30
0
55
200
200
41
19
80
28
-866
0
500
240
3
ROBOT_ENEMY22
1
30
0
55
200
200
41
19
80
28
-707
0
707
225
3
ROBOT_ENEMY23
1
30
0
55
200
200
41
19
80
28
-500
0
866
210
3
ROBOT_ENEMY24
1
30
0
55
200
200
41
19
80
28
-258
0
965
195