LEVEL_FILE
0
500
1
5
2
10
3
15
4
20
5
25
6
30
7
35
8
40
9
45
10
50
11
55
12
60
13
65
14
70
15
75
16
80
17
85
18
90
19
95
20
100
21
105
22
110
23
115
24
120
25
125
26
130
27
135
28
140
29
145
30
150
31
155
32
160
33
165
34
170
35
175
36
180
37
185
38
190
39
195
40
200
41
205
42
210
43
215
44
220
45
225
46
230
47
235
48
240
49
245
50
250
51
255
52
260
53
265
54
270
55
275
56
280
57
285
58
290
59
295
60
300
61
305
62
310
63
315
64
320
65
325
66
330
67
335
68
340
69
345
70
350
71
355
72
360
73
365
74
370
75
375
76
380
77
385
78
390
79
395
80
400
81
405
82
410
83
415
84
420
85
425
86
430
87
435
88
440
89
445
90
450
91
455
92
460
93
465
94
470
95
475
96
480
97
485
98
490
99
495
100
500
101
505
102
510
103
515
104
520
105
525
106
530
107
535
108
540
109
545
110
550
111
555
112
560
113
565
114
570
115
575
116
580
117
585
118
590
119
595
120
600
121
605
122
610
123
615
124
620
125
625
126
630
127
635
128
640
129
645
130
650
131
655
132
660
133
665
134
670
135
675
136
680
137
685
138
690
139
695
140
700
141
705
142
710
143
715
144
720
145
725
146
730
147
735
148
740
149
745
150
750
151
755
152
760
153
765
154
770
155
775
156
780
157
785
158
790
159
795
160
800
161
805
162
810
163
815
164
820
165
825
166
830
167
835
168
840
169
845
170
850
171
855
172
860
173
865
174
870
175
875
176
880
177
885
178
890
179
895
180
900
181
905
182
910
183
915
184
920
185
925
186
930
187
935
188
940
189
945
190
950
191
955
192
960
193
965
194
970
195
975
196
980
197
985
198
990
199
995
200
1000
201
1005
202
1010
203
1015
204
1020
205
1025
206
1030
207
1035
208
1040
209
1045
210
1050
211
1055
212
1060
213
1065
214
1070
215
1075
216
1080
217
1085
218
1090
219
1095
220
1100
221
1105
222
1110
223
1115
224
1120
225
1125
226
1130
227
1135
228
1140
229
1145
230
1150
231
1155
232
1160
233
1165
234
1170
235
1175
236
1180
237
1185
238
1190
239
1195
240
1200
241
1205
242
1210
243
1215
244
1220
245
1225
246
1230
247
1235
248
1240
249
1245
250
1250
251
1255
252
1260
253
1265
254
1270
255
1275
256
1280
257
1285
258
1290
259
1295
260
1300
261
1305
262
1310
263
1315
264
1320
265
1325
266
1330
267
1335
268
1340
269
1345
270
1350
271
1355
272
1360
273
1365
274
1370
275
1375
276
1380
277
1385
278
1390
279
1395
280
1400
281
1405
282
1410
283
1415
284
1420
285
1425
286
1430
287
1435
288
1440
289
1445
290
1450
291
1455
292
1460
293
1465
294
1470
295
1475
296
1480
297
1485
298
1490
299
1495
300
1500
301
1505
302
1510
303
1515
304
1520
305
1525
306
1530
307
1535
308
1540
309
1545
310
1550
311
1555
312
1560
313
1565
314
1570
315
1575
316
1580
317
1585
318
1590
319
1595
320
1600
321
1605
322
1610
323
1615
324
1620
325
1625
326
1630
327
1635
328
1640
329
1645
330
1650
331
1655
332
1660
333
1665
334
1670
335
1675
336
1680
337
1685
338
1690
339
1695
340
1700
341
1705
342
1710
343
1715
344
1720
345
1725
346
1730
347
1735
348
1740
349
1745
350
1750
351
1755
352
1760
353
1765
354
1770
355
1775
356
1780
357
1785
358
1790
359
1795
360
1800
361
1805
362
1810
363
1815
364
1820
365
1825
366
1830
367
1835
368
1840
369
1845
370
1850
371
1855
372
1860
373
1865
374
1870
375
1875
376
1880
377
1885
378
1890
379
1895
380
1900
381
1905
382
1910
383
1915
384
1920
385
1925
386
1930
387
1935
388
1940
389
1945
390
1950
391
1955
392
1960
393
1965
394
1970
395
1975
396
1980
397
1985
398
1990
399
1995
400
2000
401
2005
402
2010
403
2015
404
2020
405
2025
406
2030
407
2035
408
2040
409
2045
410
2050
411
2055
412
2060
413
2065
414
2070
415
2075
416
2080
417
2085
418
2090
419
2095
420
2100
421
2105
422
2110
423
2115
424
2120
425
2125
426
2130
427
2135
428
2140
429
2145
430
2150
431
2155
432
2160
433
2165
434
2170
435
2175
436
2180
437
2185
438
2190
439
2195
440
2200
441
2205
442
2210
443
2215
444
2220
445
2225
446
2230
447
2235
448
2240
449
2245
450
2250
451
2255
452
2260
453
2265
454
2270
455
2275
456
2280
457
2285
458
2290
459
2295
460
2300
461
2305
462
2310
463
2315
464
2320
465
2325
466
2330
467
2335
468
2340
469
2345
470
2350
471
2355
472
2360
473
2365
474
2370
475
2375
476
2380
477
2385
478
2390
479
2395
480
2400
481
2405
482
2410
483
2415
484
2420
485
2425
486
2430
487
2435
488
2440
489
2445
490
2450
491
2455
492
2460
493
2465
494
2470
495
2475
496
2480
497
2485
498
2490
499
2495
500
2500