1
28
3
ROBOT_ENEMY1
1
150
0
271
920
920
185
91
80
28
0
0
8840
180
3
ROBOT_ENEMY2
1
150
0
271
920
920
185
91
80
28
500
0
8974
210
3
ROBOT_ENEMY3
1
150
0
271
920
920
185
91
80
28
866
0
9340
240
3
ROBOT_ENEMY4
1
150
0
271
920
920
185
91
80
28
1000
0
9840
270
3
ROBOT_ENEMY5
1
150
0
271
920
920
185
91
80
28
-500
0
8974
150
3
ROBOT_ENEMY6
1
150
0
271
920
920
185
91
80
28
-866
0
9340
120
3
ROBOT_ENEMY7
1
150
0
271
920
920
185
91
80
28
-1000
0
9840
90
3
ROBOT_ENEMY8
1
150
0
271
920
920
185
91
80
28
0
0
7840
180
3
ROBOT_ENEMY9
1
150
0
271
920
920
185
91
80
28
1000
0
8108
210
3
ROBOT_ENEMY10
1
150
0
271
920
920
185
91
80
28
1732
0
8840
240
3
ROBOT_ENEMY11
1
150
0
271
920
920
185
91
80
28
2000
0
9840
270
3
ROBOT_ENEMY12
1
150
0
271
920
920
185
91
80
28
-1000
0
8108
150
3
ROBOT_ENEMY13
1
150
0
271
920
920
185
91
80
28
-1732
0
8840
120
3
ROBOT_ENEMY14
1
150
0
271
920
920
185
91
80
28
-2000
0
9840
90
3
ROBOT_ENEMY15
1
150
0
271
920
920
185
91
80
28
0
0
6840
180
3
ROBOT_ENEMY16
1
150
0
271
920
920
185
91
80
28
1500
0
7242
210
3
ROBOT_ENEMY17
1
150
0
271
920
920
185
91
80
28
2598
0
8340
240
3
ROBOT_ENEMY18
1
150
0
271
920
920
185
91
80
28
3000
0
9840
270
3
ROBOT_ENEMY19
1
150
0
271
920
920
185
91
80
28
-1500
0
7242
150
3
ROBOT_ENEMY20
1
150
0
271
920
920
185
91
80
28
-2598
0
8340
120
3
ROBOT_ENEMY21
1
150
0
271
920
920
185
91
80
28
-3000
0
9840
90
3
ROBOT_ENEMY22
1
150
0
271
920
920
185
91
80
28
0
0
5840
180
3
ROBOT_ENEMY23
1
150
0
271
920
920
185
91
80
28
2000
0
6376
210
3
ROBOT_ENEMY24
1
150
0
271
920
920
185
91
80
28
3464
0
7840
240
3
ROBOT_ENEMY25
1
150
0
271
920
920
185
91
80
28
4000
0
9840
270
3
ROBOT_ENEMY26
1
150
0
271
920
920
185
91
80
28
-2000
0
6376
150
3
ROBOT_ENEMY27
1
150
0
271
920
920
185
91
80
28
-3464
0
7840
120
3
ROBOT_ENEMY28
1
150
0
271
920
920
185
91
80
28
-4000
0
9840
90