1
23
2
ROBOT_ENEMY2
1
10
0
1
20
20
5
1
80
5
-300
0
800
210
2
ROBOT_ENEMY3
1
20
0
1
20
20
5
1
80
6
300
0
800
150
2
ROBOT_ENEMY4
1
30
0
1
20
20
5
1
80
7
0
0
3000
180
2
ROBOT_ENEMY5
1
40
0
1
20
20
5
1
80
8
1500
0
1500
135
2
ROBOT_ENEMY6
1
50
0
1
20
20
5
1
80
9
-1500
0
1500
225
2
ROBOT_ENEMY7
1
60
0
1
20
20
5
1
80
10
-3000
0
0
270
2
ROBOT_ENEMY8
1
70
0
1
20
20
5
1
80
11
3000
0
0
90
2
ROBOT_ENEMY9
1
80
0
1
20
20
5
1
80
12
-1500
0
-1500
315
2
ROBOT_ENEMY10
1
90
0
1
20
20
5
1
80
13
1500
0
-1500
45
2
ROBOT_ENEMY11
1
100
0
1
20
20
5
1
80
14
0
0
-3000
0
2
ROBOT_ENEMY12
1
110
0
1
20
20
5
1
80
15
9840
0
9480
180
2
ROBOT_ENEMY13
1
120
0
1
20
20
5
1
80
16
9480
0
9840
90
2
ROBOT_ENEMY14
1
130
0
1
20
20
5
1
80
17
-9480
0
-9840
270
2
ROBOT_ENEMY15
1
140
0
1
20
20
5
1
80
18
-9840
0
-9480
0
2
ROBOT_ENEMY16
1
150
0
1
20
20
5
1
80
19
9480
0
-9840
0
2
ROBOT_ENEMY17
1
160
0
1
20
20
5
1
80
20
9840
0
-9480
90
2
ROBOT_ENEMY18
1
170
0
1
20
20
5
1
80
21
-9480
0
9840
270
2
ROBOT_ENEMY19
1
180
0
1
20
20
5
1
80
22
-9840
0
9480
180
2
ROBOT_ENEMY20
1
190
0
1
20
20
5
1
160
23
9840
0
9840
135
2
ROBOT_ENEMY21
1
200
0
1
20
20
5
1
160
24
-9840
0
9840
225
2
ROBOT_ENEMY22
1
210
0
1
20
20
5
1
160
25
9840
0
-9840
45
2
ROBOT_ENEMY23
1
220
0
1
20
20
5
1
160
26
-9840
0
-9840
315
2
ROBOT_ENEMY24
1
300
0
1
20
20
5
1
300
27
0
0
9700
0